    -2708762    -2701918      601950      620114   WV02_20111008_103001000EA22900_103001000D580C00_052807817050_01_P001_052807852070_01_P002_2_meta.txt
    -2712258    -2702480      603926      622436   WV02_20101003_1030010007898000_1030010006099300_052618580200_01_P002_052851100090_01_P002_2_meta.txt
    -2710540    -2698156      601336      623078   WV01_20110226_10200100123C2600_1020010011416200_052566029090_01_P002_052503589010_01_P001_2_meta.txt
    -2709300    -2689532      599806      621858   WV01_20110303_102001001157E300_1020010012BE9500_052805005100_01_P001_052805014040_01_P001_2_meta.txt
    -2710620    -2699386      601572      623116   WV01_20110401_10200100113F5C00_1020010011937800_052804998040_01_P001_052804999080_01_P002_2_meta.txt
    -2709350    -2690742      600262      621156   WV02_20110402_103001000A9A5200_1030010009B74600_052807143060_01_P001_052807840030_01_P001_2_meta.txt
    -2712170    -2702308      601032      622618   WV01_20110708_10200100144BD800_1020010013E74D00_052805111010_01_P002_052805032030_01_P002_2_meta.txt
    -2706218    -2693806      614142      636216   WV01_20110804_1020010015973400_10200100152A5F00_052805026100_01_P001_052731168220_01_P002_2_meta.txt
    -2709722    -2688004      593998      616780   WV01_20120228_1020010019713E00_1020010019A1A600_052805130010_01_P001_052805151040_01_P001_2_meta.txt
    -2708752    -2701750      603476      621312   WV02_20120308_1030010011838200_1030010011052700_052807746040_01_P001_052807826080_01_P002_2_meta.txt
    -2712214    -2702290      601046      622104   WV01_20120315_102001001AC87900_1020010017B91400_052805036080_01_P002_052805124020_01_P002_2_meta.txt
    -2712378    -2702238      602668      622018   WV01_20120410_102001001AB0D800_10200100193AB200_052805096090_01_P002_052805054010_01_P001_2_meta.txt
    -2709986    -2700082      597070      618402   WV01_20121011_102001001DD90500_102001001E741000_052903542080_01_P002_052903562010_01_P001_2_meta.txt
    -2710382    -2698426      596596      618294   WV02_20121012_103001001C251200_103001001B74C800_052903554010_01_P001_052903610050_01_P002_2_meta.txt
    -2718438    -2701980      602816      622520   GE01_20130329_10504100028AE200_1050410002870000_053537470060_01_P001_053537395070_01_P001_2_meta.txt
    -2718456    -2701572      602866      622044   GE01_20130330_105041000287F700_1050410002862500_053537402060_01_P001_053537390010_01_P001_2_meta.txt
    -2710368    -2693904      599456      619664   WV02_20130331_1030010021477000_1030010021866800_500069233110_01_P001_500069240160_01_P001_2_meta.txt
    -2715742    -2697938      614848      635546   GE01_20130413_10504100029DF800_1050410002930500_053537384080_01_P001_053537391080_01_P001_2_meta.txt
    -2708178    -2688322      598476      620764   WV01_20130420_10200100236DF800_1020010022688E00_500069543180_01_P001_500069546010_01_P001_2_meta.txt
    -2711166    -2693352      599500      621130   WV01_20130601_1020010023B7FD00_10200100242C9500_500097574060_01_P001_500097575200_01_P001_2_meta.txt
    -2715080    -2701680      599880      623360   WV01_20130613_1020010023555200_1020010022CE5C00_500097581160_01_P002_500097589170_01_P002_2_meta.txt
    -2707600    -2688320      602440      621400   WV01_20130618_1020010024D67400_1020010022E92700_500097568140_01_P001_500097584040_01_P001_2_meta.txt
    -2712720    -2702000      600960      622440   WV01_20130713_1020010024232E00_1020010022C20200_500097583020_01_P002_500097590020_01_P002_2_meta.txt
    -2711276    -2694434      600048      620926   WV02_20130924_1030010027B37A00_1030010027D41100_500097552060_01_P001_500097550160_01_P001_2_meta.txt
    -2707638    -2687572      605704      621550   GE01_20140320_105041001034EB00_105041001034EA00_053537482030_01_P002_053537482050_01_P002_2_meta.txt
    -2710556    -2690480      606528      622346   GE01_20140323_1050410010391C00_1050410010391B00_053537497080_01_P002_053537498020_01_P002_2_meta.txt
    -2713450    -2700290      600014      620280   WV01_20140503_102001002D867600_102001002CC47400_R2C1-500112266190_01_P001_R2C1-500112266190_01_P001_2_meta.txt
    -2708848    -2686986      605400      621720   GE01_20140511_10504100107D6500_10504100107D6600_054019241050_01_P002_053720765070_01_P002_2_meta.txt
    -2709404    -2699866      606896      621906   WV03_20150301_104001000896F900_1040010008121400_500357973070_01_P002_500357976080_01_P002_2_meta.txt
    -2707810    -2691600      598606      618836   WV02_20150315_103001003F475B00_103001003F557800_500406456030_01_P001_500406456010_01_P001_2_meta.txt
    -2709860    -2699986      607634      629640   WV01_20150321_102001003B08A000_102001003BDFB400_500344950100_01_P002_500344950060_01_P002_2_meta.txt
    -2708450    -2691324      597708      618396   WV02_20150328_103001003FB01900_1030010040319E00_500406973060_01_P002_500406976010_01_P002_2_meta.txt
    -2710084    -2699386      605572      622422   WV03_20150404_104001000ABCFD00_10400100096C2500_500358034040_01_P002_500358031190_01_P002_2_meta.txt
