20101003   139.722065     0.228641    139.157242     0.331239
20110226   140.207541     0.440152    139.238633     0.543126
20110303   140.272660     0.339330    139.164425     0.450981
20110303   140.272660     0.339330    139.164425     0.450981
20110401   140.462469     0.399548    139.352810     0.480261
20110402   139.986223     0.456191    139.605083     0.585597
20110708   140.810072     0.323144    140.621670     0.459655
20110804     0   0   0   0
20111008   138.197501     0.269760    138.089089     0.290511
20120308   139.286392     0.362251    139.009683     0.393957
20120315   139.038375     0.512162    139.123853     0.363874
20120410   140.108700     0.524993    139.215369     0.555553
20121011   139.121603     0.174163    138.650557     0.275077
20121011   139.121603     0.174163    138.650557     0.275077
20121012   138.854133     0.747193    138.984403     0.720416
20130329   139.278632     0.470765    139.803460     0.510444
20130330   139.241641     0.457046    139.224442     0.526054
20130331   139.153990     0.589729    140.151425     0.731891
20130413     0   0   0   0
20130420   139.353180     0.471217    139.230734     0.525827
20130601   140.964422     0.315862    140.257876     0.383399
20130601   140.964422     0.315862    140.257876     0.383399
20130613   140.156475     0.231509    139.512562     0.312664
20130618   140.280795     0.370987    139.562301     0.559484
20130713   139.777010     0.293882    139.184459     0.408434
20130924   139.537032     0.335091    139.176468     0.386784
20140320   139.628823     0.362172    139.040466     0.384888
20140323   139.279490     0.538160    139.401939     0.348422
20140503   139.376754     0.236803    138.839565     0.306567
20140511   139.461214     0.280295    138.781815     0.303112
20150301   139.993111     0.302611    139.223053     0.580983
20150321   139.832518     0.338859    139.191059     0.588484
20150328   139.567985     0.316487    139.366619     0.519469
20150404   139.651722     0.310290    139.452394     0.493541
