20110226   139.861984     0.128479    136.605729     1.021829
20110303   139.864632     0.185544    136.697127     0.898001
20110303   139.864632     0.185544    136.697127     0.898001
20110401   140.224414     0.141957    136.785294     0.892506
20110402   139.116653     0.313808    136.643278     1.017237
20120308   139.202215     0.226752    136.606097     0.962927
20120315   139.018425     0.506376    136.665355     0.968460
20120410   139.845914     0.393337    136.448227     0.838104
20130329   138.058607     0.656531    136.635646     0.985788
20130330   139.098526     0.309665    136.494183     0.818986
20130331   138.571981     0.371378    136.469542     0.819628
20130413     0   0   0   0
20130420   139.192081     0.353835    136.494884     0.841768
20140320   139.600124     0.368941    136.924961     0.829330
20140323   138.989125     0.563597    136.752458     0.690253
20150301   139.777390     0.200995    136.598058     0.758349
20150321   139.754227     0.212273    136.592783     0.879920
20150328   139.563621     0.203628    136.569515     0.876924
20150404   139.615654     0.194979    136.689576     0.914212
